Age,Gender,BPM,Mean,Range,IQR,Variance,Std Dev,Coeff of Var,Classification,File
22,0,89.4,705.5928411633105,624.0,80.0,3626.277174701851,60.21857831850442,8.534465601893308,0,26.csv
22,0,76.26067284536234,786.7751196172247,568.0,104.0,6937.523591492864,83.2917978644528,10.586480912738475,0,29.csv
22,0,83.35198030879391,719.8389261744967,704.0,48.0,4434.87338408168,66.59484502633579,9.251353685503872,0,6.csv
22,0,79.20492991783466,757.5286041189935,672.0,112.0,11424.409364870598,106.88502872184952,14.109702015299726,0,16.csv
22,0,76.57531366089574,783.5423340961102,544.0,88.0,6281.895805078503,79.25841157302172,10.115396210780846,0,19.csv
22,0,85.71974035891563,699.9554565701559,560.0,48.0,3299.8109334775127,57.44398082895642,8.206805203067784,0,7.csv
22,0,84.46712018140587,710.3355704697989,544.0,68.0,3967.090971878074,62.984847160869364,8.866914424574388,0,24.csv
22,0,69.64487388630945,861.5135135135135,584.0,80.0,5684.91648405155,75.39838515546305,8.751851708972683,0,13.csv
22,0,70.89298610816088,846.3460674157309,528.0,136.0,11043.808327231518,105.08952529739355,12.416850428368903,0,5.csv
22,0,79.8291251014271,751.6053811659197,688.0,86.0,6925.046069697867,83.21686169099306,11.071882104130735,0,18.csv
22,0,91.42377288980389,656.2844444444445,416.0,56.0,2791.741313580242,52.83693134144187,8.050919351923568,0,25.csv
22,0,69.90071160183881,858.3603603603608,672.0,184.0,12956.879149419805,113.82828800179595,13.261130552907643,0,4.csv
22,0,67.64545289085724,886.9775784753364,680.0,96.0,6026.864968127269,77.63288586757076,8.752519539560092,0,14.csv
22,0,68.17036819345907,880.147806004618,664.0,152.0,15814.038199574254,125.75387946132817,14.28781377439102,0,23.csv
22,0,77.50674983707296,774.1261261261257,552.0,80.0,4325.713821930161,65.77015905355681,8.49605210751421,0,9.csv
22,0,78.88983359650183,760.5542725173216,640.0,88.0,6285.882158419927,79.28355540980694,10.424444155364503,0,28.csv
22,0,86.63014548179538,692.599552572707,600.0,64.0,3594.7725277639806,59.956421905947494,8.656722587133558,0,27.csv
22,0,72.95933294324169,822.3759398496238,704.0,248.0,28719.247140407286,169.46754007894043,20.607064466152615,0,20.csv
22,0,55.80070809174407,1075.255172413793,432.0,80.0,5841.210749108233,76.42781397572637,7.107876896249375,0,1.csv
22,0,69.4747336282635,863.6233183856496,616.0,104.0,7144.180980916611,84.52325704157768,9.78705128059476,0,3.csv
22,0,71.607146705748,837.9051918735889,664.0,164.0000000000291,9940.027128800584,99.69968469759864,11.89868324776294,0,2.csv
22,0,78.89697886624751,760.4853932584265,416.0,88.0,4486.523943946574,66.98151942100577,8.8077325369804,0,11.csv
22,0,68.95936084268779,870.0776699029133,616.0,132.0,13395.760957677352,115.7400577055211,13.302267338780895,0,22.csv
22,0,65.95870984763539,909.6599999999999,584.0,264.0,24616.764400000135,156.89730526685324,17.247906389953748,0,12.csv
22,0,71.2547236277461,842.0494382022473,640.0,104.0,5836.0514884483555,76.39405401239259,9.072395342426903,0,15.csv
22,0,76.57562283859127,783.5391705069127,544.0,88.0,6320.303765210747,79.5003381452604,10.146313182253218,0,17.csv
22,0,85.12750038173766,704.8251121076235,552.0,54.0,2720.0366787990965,52.15397088236999,7.399561960330144,0,8.csv
22,0,76.77465569830858,781.5079006772005,608.0,104.0,6572.0648359990755,81.06827268419548,10.37331453897617,0,31.csv
22,0,66.95962711314148,896.0623376623375,592.0,136.0,11730.94676336649,108.30949525949462,12.087272358980544,0,21.csv
22,0,80.4193293602355,746.0892857142859,552.0,96.0,4714.063456632728,68.65903769084393,9.202522942694669,0,10.csv
22,0,78.25900514579763,766.6849315068489,640.0,88.0,5618.58109714145,74.9571950992128,9.77679252830642,0,30.csv
22,0,85.03487634749531,705.5928411633105,624.0,80.0,3626.277174701851,60.21857831850442,8.534465601893308,0,26.csv
22,0,76.26067284536234,786.7751196172247,568.0,104.0,6937.523591492864,83.2917978644528,10.586480912738475,0,29.csv
22,0,83.35198030879391,719.8389261744967,704.0,48.0,4434.87338408168,66.59484502633579,9.251353685503872,0,6.csv
22,0,79.20492991783466,757.5286041189935,672.0,112.0,11424.409364870598,106.88502872184952,14.109702015299726,0,16.csv
22,0,76.57531366089574,783.5423340961102,544.0,88.0,6281.895805078503,79.25841157302172,10.115396210780846,0,19.csv
22,0,85.71974035891563,699.9554565701559,560.0,48.0,3299.8109334775127,57.44398082895642,8.206805203067784,0,7.csv
22,0,84.46712018140587,710.3355704697989,544.0,68.0,3967.090971878074,62.984847160869364,8.866914424574388,0,24.csv
22,0,69.64487388630945,861.5135135135135,584.0,80.0,5684.91648405155,75.39838515546305,8.751851708972683,0,13.csv
22,0,70.89298610816088,846.3460674157309,528.0,136.0,11043.808327231518,105.08952529739355,12.416850428368903,0,5.csv
22,0,79.8291251014271,751.6053811659197,688.0,86.0,6925.046069697867,83.21686169099306,11.071882104130735,0,18.csv
22,0,91.42377288980389,656.2844444444445,416.0,56.0,2791.741313580242,52.83693134144187,8.050919351923568,0,25.csv
22,0,69.90071160183881,858.3603603603608,672.0,184.0,12956.879149419805,113.82828800179595,13.261130552907643,0,4.csv
22,0,67.64545289085724,886.9775784753364,680.0,96.0,6026.864968127269,77.63288586757076,8.752519539560092,0,14.csv
22,0,68.17036819345907,880.147806004618,664.0,152.0,15814.038199574254,125.75387946132817,14.28781377439102,0,23.csv
22,0,77.50674983707296,774.1261261261257,552.0,80.0,4325.713821930161,65.77015905355681,8.49605210751421,0,9.csv
22,0,78.88983359650183,760.5542725173216,640.0,88.0,6285.882158419927,79.28355540980694,10.424444155364503,0,28.csv
22,0,86.63014548179538,692.599552572707,600.0,64.0,3594.7725277639806,59.956421905947494,8.656722587133558,0,27.csv
22,0,72.95933294324169,822.3759398496238,704.0,248.0,28719.247140407286,169.46754007894043,20.607064466152615,0,20.csv
22,0,55.80070809174407,1075.255172413793,432.0,80.0,5841.210749108233,76.42781397572637,7.107876896249375,0,1.csv
22,0,69.4747336282635,863.6233183856496,616.0,104.0,7144.180980916611,84.52325704157768,9.78705128059476,0,3.csv
22,0,71.607146705748,837.9051918735889,664.0,164.0000000000291,9940.027128800584,99.69968469759864,11.89868324776294,0,2.csv
22,0,78.89697886624751,760.4853932584265,416.0,88.0,4486.523943946574,66.98151942100577,8.8077325369804,0,11.csv
22,0,68.95936084268779,870.0776699029133,616.0,132.0,13395.760957677352,115.7400577055211,13.302267338780895,0,22.csv
22,0,65.95870984763539,909.6599999999999,584.0,264.0,24616.764400000135,156.89730526685324,17.247906389953748,0,12.csv
22,0,71.2547236277461,842.0494382022473,640.0,104.0,5836.0514884483555,76.39405401239259,9.072395342426903,0,15.csv
22,0,76.57562283859127,783.5391705069127,544.0,88.0,6320.303765210747,79.5003381452604,10.146313182253218,0,17.csv
22,0,85.12750038173766,704.8251121076235,552.0,54.0,2720.0366787990965,52.15397088236999,7.399561960330144,0,8.csv
22,0,76.77465569830858,781.5079006772005,608.0,104.0,6572.0648359990755,81.06827268419548,10.37331453897617,0,31.csv
22,0,66.95962711314148,896.0623376623375,592.0,136.0,11730.94676336649,108.30949525949462,12.087272358980544,0,21.csv
22,0,80.4193293602355,746.0892857142859,552.0,96.0,4714.063456632728,68.65903769084393,9.202522942694669,0,10.csv
22,0,78.25900514579763,766.6849315068489,640.0,88.0,5618.58109714145,74.9571950992128,9.77679252830642,0,30.csv
22,0,85.03487634749531,705.5928411633105,624.0,80.0,3626.277174701851,60.21857831850442,8.534465601893308,0,26.csv
22,0,76.26067284536234,786.7751196172247,568.0,104.0,6937.523591492864,83.2917978644528,10.586480912738475,0,29.csv
22,0,83.35198030879391,719.8389261744967,704.0,48.0,4434.87338408168,66.59484502633579,9.251353685503872,0,6.csv
22,0,79.20492991783466,757.5286041189935,672.0,112.0,11424.409364870598,106.88502872184952,14.109702015299726,0,16.csv
22,0,76.57531366089574,783.5423340961102,544.0,88.0,6281.895805078503,79.25841157302172,10.115396210780846,0,19.csv
22,0,85.71974035891563,699.9554565701559,560.0,48.0,3299.8109334775127,57.44398082895642,8.206805203067784,0,7.csv
22,0,84.46712018140587,710.3355704697989,544.0,68.0,3967.090971878074,62.984847160869364,8.866914424574388,0,24.csv
22,0,69.64487388630945,861.5135135135135,584.0,80.0,5684.91648405155,75.39838515546305,8.751851708972683,0,13.csv
22,0,70.89298610816088,846.3460674157309,528.0,136.0,11043.808327231518,105.08952529739355,12.416850428368903,0,5.csv
22,0,79.8291251014271,751.6053811659197,688.0,86.0,6925.046069697867,83.21686169099306,11.071882104130735,0,18.csv
22,0,91.42377288980389,656.2844444444445,416.0,56.0,2791.741313580242,52.83693134144187,8.050919351923568,0,25.csv
22,0,69.90071160183881,858.3603603603608,672.0,184.0,12956.879149419805,113.82828800179595,13.261130552907643,0,4.csv
22,0,67.64545289085724,886.9775784753364,680.0,96.0,6026.864968127269,77.63288586757076,8.752519539560092,0,14.csv
22,0,68.17036819345907,880.147806004618,664.0,152.0,15814.038199574254,125.75387946132817,14.28781377439102,0,23.csv
22,0,77.50674983707296,774.1261261261257,552.0,80.0,4325.713821930161,65.77015905355681,8.49605210751421,0,9.csv
22,0,78.88983359650183,760.5542725173216,640.0,88.0,6285.882158419927,79.28355540980694,10.424444155364503,0,28.csv
22,0,86.63014548179538,692.599552572707,600.0,64.0,3594.7725277639806,59.956421905947494,8.656722587133558,0,27.csv
22,0,72.95933294324169,822.3759398496238,704.0,248.0,28719.247140407286,169.46754007894043,20.607064466152615,0,20.csv
22,0,55.80070809174407,1075.255172413793,432.0,80.0,5841.210749108233,76.42781397572637,7.107876896249375,0,1.csv
22,0,69.4747336282635,863.6233183856496,616.0,104.0,7144.180980916611,84.52325704157768,9.78705128059476,0,3.csv
22,0,71.607146705748,837.9051918735889,664.0,164.0000000000291,9940.027128800584,99.69968469759864,11.89868324776294,0,2.csv
22,0,78.89697886624751,760.4853932584265,416.0,88.0,4486.523943946574,66.98151942100577,8.8077325369804,0,11.csv
22,0,68.95936084268779,870.0776699029133,616.0,132.0,13395.760957677352,115.7400577055211,13.302267338780895,0,22.csv
22,0,65.95870984763539,909.6599999999999,584.0,264.0,24616.764400000135,156.89730526685324,17.247906389953748,0,12.csv
22,0,71.2547236277461,842.0494382022473,640.0,104.0,5836.0514884483555,76.39405401239259,9.072395342426903,0,15.csv
22,0,76.57562283859127,783.5391705069127,544.0,88.0,6320.303765210747,79.5003381452604,10.146313182253218,0,17.csv
22,0,85.12750038173766,704.8251121076235,552.0,54.0,2720.0366787990965,52.15397088236999,7.399561960330144,0,8.csv
22,0,76.77465569830858,781.5079006772005,608.0,104.0,6572.0648359990755,81.06827268419548,10.37331453897617,0,31.csv
22,0,66.95962711314148,896.0623376623375,592.0,136.0,11730.94676336649,108.30949525949462,12.087272358980544,0,21.csv
22,0,80.4193293602355,746.0892857142859,552.0,96.0,4714.063456632728,68.65903769084393,9.202522942694669,0,10.csv
22,0,78.25900514579763,766.6849315068489,640.0,88.0,5618.58109714145,74.9571950992128,9.77679252830642,0,30.csv
22,0,85.03487634749531,705.5928411633105,624.0,80.0,3626.277174701851,60.21857831850442,8.534465601893308,0,26.csv
22,0,76.26067284536234,786.7751196172247,568.0,104.0,6937.523591492864,83.2917978644528,10.586480912738475,0,29.csv
22,0,83.35198030879391,719.8389261744967,704.0,48.0,4434.87338408168,66.59484502633579,9.251353685503872,0,6.csv
22,0,79.20492991783466,757.5286041189935,672.0,112.0,11424.409364870598,106.88502872184952,14.109702015299726,0,16.csv
22,0,76.57531366089574,783.5423340961102,544.0,88.0,6281.895805078503,79.25841157302172,10.115396210780846,0,19.csv
22,0,85.71974035891563,699.9554565701559,560.0,48.0,3299.8109334775127,57.44398082895642,8.206805203067784,0,7.csv
22,0,84.46712018140587,710.3355704697989,544.0,68.0,3967.090971878074,62.984847160869364,8.866914424574388,0,24.csv
22,0,69.64487388630945,861.5135135135135,584.0,80.0,5684.91648405155,75.39838515546305,8.751851708972683,0,13.csv
22,0,70.89298610816088,846.3460674157309,528.0,136.0,11043.808327231518,105.08952529739355,12.416850428368903,0,5.csv
22,0,79.8291251014271,751.6053811659197,688.0,86.0,6925.046069697867,83.21686169099306,11.071882104130735,0,18.csv
22,0,91.42377288980389,656.2844444444445,416.0,56.0,2791.741313580242,52.83693134144187,8.050919351923568,0,25.csv
22,0,69.90071160183881,858.3603603603608,672.0,184.0,12956.879149419805,113.82828800179595,13.261130552907643,0,4.csv
22,0,67.64545289085724,886.9775784753364,680.0,96.0,6026.864968127269,77.63288586757076,8.752519539560092,0,14.csv
22,0,68.17036819345907,880.147806004618,664.0,152.0,15814.038199574254,125.75387946132817,14.28781377439102,0,23.csv
22,0,77.50674983707296,774.1261261261257,552.0,80.0,4325.713821930161,65.77015905355681,8.49605210751421,0,9.csv
22,0,78.88983359650183,760.5542725173216,640.0,88.0,6285.882158419927,79.28355540980694,10.424444155364503,0,28.csv
22,0,86.63014548179538,692.599552572707,600.0,64.0,3594.7725277639806,59.956421905947494,8.656722587133558,0,27.csv
22,0,72.95933294324169,822.3759398496238,704.0,248.0,28719.247140407286,169.46754007894043,20.607064466152615,0,20.csv
22,0,55.80070809174407,1075.255172413793,432.0,80.0,5841.210749108233,76.42781397572637,7.107876896249375,0,1.csv
22,0,69.4747336282635,863.6233183856496,616.0,104.0,7144.180980916611,84.52325704157768,9.78705128059476,0,3.csv
22,0,71.607146705748,837.9051918735889,664.0,164.0000000000291,9940.027128800584,99.69968469759864,11.89868324776294,0,2.csv
22,0,78.89697886624751,760.4853932584265,416.0,88.0,4486.523943946574,66.98151942100577,8.8077325369804,0,11.csv
22,0,68.95936084268779,870.0776699029133,616.0,132.0,13395.760957677352,115.7400577055211,13.302267338780895,0,22.csv
22,0,65.95870984763539,909.6599999999999,584.0,264.0,24616.764400000135,156.89730526685324,17.247906389953748,0,12.csv
22,0,71.2547236277461,842.0494382022473,640.0,104.0,5836.0514884483555,76.39405401239259,9.072395342426903,0,15.csv
22,0,76.57562283859127,783.5391705069127,544.0,88.0,6320.303765210747,79.5003381452604,10.146313182253218,0,17.csv
22,0,85.12750038173766,704.8251121076235,552.0,54.0,2720.0366787990965,52.15397088236999,7.399561960330144,0,8.csv
22,0,76.77465569830858,781.5079006772005,608.0,104.0,6572.0648359990755,81.06827268419548,10.37331453897617,0,31.csv
22,0,66.95962711314148,896.0623376623375,592.0,136.0,11730.94676336649,108.30949525949462,12.087272358980544,0,21.csv
22,0,80.4193293602355,746.0892857142859,552.0,96.0,4714.063456632728,68.65903769084393,9.202522942694669,0,10.csv
22,0,78.25900514579763,766.6849315068489,640.0,88.0,5618.58109714145,74.9571950992128,9.77679252830642,0,30.csv
22,0,85.03487634749531,705.5928411633105,624.0,80.0,3626.277174701851,60.21857831850442,8.534465601893308,0,26.csv
22,0,76.26067284536234,786.7751196172247,568.0,104.0,6937.523591492864,83.2917978644528,10.586480912738475,0,29.csv
22,0,83.35198030879391,719.8389261744967,704.0,48.0,4434.87338408168,66.59484502633579,9.251353685503872,0,6.csv
22,0,79.20492991783466,757.5286041189935,672.0,112.0,11424.409364870598,106.88502872184952,14.109702015299726,0,16.csv
22,0,76.57531366089574,783.5423340961102,544.0,88.0,6281.895805078503,79.25841157302172,10.115396210780846,0,19.csv
22,0,85.71974035891563,699.9554565701559,560.0,48.0,3299.8109334775127,57.44398082895642,8.206805203067784,0,7.csv
22,0,84.46712018140587,710.3355704697989,544.0,68.0,3967.090971878074,62.984847160869364,8.866914424574388,0,24.csv
22,0,69.64487388630945,861.5135135135135,584.0,80.0,5684.91648405155,75.39838515546305,8.751851708972683,0,13.csv
22,0,70.89298610816088,846.3460674157309,528.0,136.0,11043.808327231518,105.08952529739355,12.416850428368903,0,5.csv
22,0,79.8291251014271,751.6053811659197,688.0,86.0,6925.046069697867,83.21686169099306,11.071882104130735,0,18.csv
22,0,91.42377288980389,656.2844444444445,416.0,56.0,2791.741313580242,52.83693134144187,8.050919351923568,0,25.csv
22,0,69.90071160183881,858.3603603603608,672.0,184.0,12956.879149419805,113.82828800179595,13.261130552907643,0,4.csv
22,0,67.64545289085724,886.9775784753364,680.0,96.0,6026.864968127269,77.63288586757076,8.752519539560092,0,14.csv
22,0,68.17036819345907,880.147806004618,664.0,152.0,15814.038199574254,125.75387946132817,14.28781377439102,0,23.csv
22,0,77.50674983707296,774.1261261261257,552.0,80.0,4325.713821930161,65.77015905355681,8.49605210751421,0,9.csv
22,0,78.88983359650183,760.5542725173216,640.0,88.0,6285.882158419927,79.28355540980694,10.424444155364503,0,28.csv
22,0,86.63014548179538,692.599552572707,600.0,64.0,3594.7725277639806,59.956421905947494,8.656722587133558,0,27.csv
22,0,72.95933294324169,822.3759398496238,704.0,248.0,28719.247140407286,169.46754007894043,20.607064466152615,0,20.csv
22,0,55.80070809174407,1075.255172413793,432.0,80.0,5841.210749108233,76.42781397572637,7.107876896249375,0,1.csv
22,0,69.4747336282635,863.6233183856496,616.0,104.0,7144.180980916611,84.52325704157768,9.78705128059476,0,3.csv
22,0,71.607146705748,837.9051918735889,664.0,164.0000000000291,9940.027128800584,99.69968469759864,11.89868324776294,0,2.csv
22,0,78.89697886624751,760.4853932584265,416.0,88.0,4486.523943946574,66.98151942100577,8.8077325369804,0,11.csv
22,0,68.95936084268779,870.0776699029133,616.0,132.0,13395.760957677352,115.7400577055211,13.302267338780895,0,22.csv
22,0,65.95870984763539,909.6599999999999,584.0,264.0,24616.764400000135,156.89730526685324,17.247906389953748,0,12.csv
22,0,71.2547236277461,842.0494382022473,640.0,104.0,5836.0514884483555,76.39405401239259,9.072395342426903,0,15.csv
22,0,76.57562283859127,783.5391705069127,544.0,88.0,6320.303765210747,79.5003381452604,10.146313182253218,0,17.csv
22,0,85.12750038173766,704.8251121076235,552.0,54.0,2720.0366787990965,52.15397088236999,7.399561960330144,0,8.csv
22,0,76.77465569830858,781.5079006772005,608.0,104.0,6572.0648359990755,81.06827268419548,10.37331453897617,0,31.csv
22,0,66.95962711314148,896.0623376623375,592.0,136.0,11730.94676336649,108.30949525949462,12.087272358980544,0,21.csv
22,0,80.4193293602355,746.0892857142859,552.0,96.0,4714.063456632728,68.65903769084393,9.202522942694669,0,10.csv
22,0,78.25900514579763,766.6849315068489,640.0,88.0,5618.58109714145,74.9571950992128,9.77679252830642,0,30.csv
22,0,85.03487634749531,705.5928411633105,624.0,80.0,3626.277174701851,60.21857831850442,8.534465601893308,0,26.csv
